138	 																																																																																																														
Melee	0	0	-1	0	0	1	5	5	5	0	1	1	0	0	0	0	511	1	0	0	0	0	0	0	-1	-1	-1	-1	-1	0	0	0	0	0	0	0	0	-1	0	0	0	0	-1	0	431	398	476	0	431	2	2	3	-1	3	3	3	4	-1	4	4	4	5	-1	5	5	5	6	-1	6	1	8	8	-1	1	1	6	8	-1	1	1	4	8	-1	1	1	3	6	-1	1	-1	-1	-1	-1	-1	-1	-1	-1	-1	-1	-1	-1	-1	-1	-1	-1	-1	-1	-1	-1	0	0
Grenade	1	1	-1	10	0	7	50	100	50	0	1	1	0	1	0	0	511	1	0	0	0	0	0	0	-1	0	-1	1	1	0	8	0	0	16	-1	8	-1	0	5	-1	1	-1	1	1	0	350	0	350	398	-1	15	-1	15	10	-1	20	-1	20	15	-1	25	-1	25	20	-1	30	-1	30	25	-1	7	-1	0	150	-1	7	-1	0	150	-1	7	-1	0	150	-1	7	-1	0	150	-1	4	-1	0	36	-1	3	-1	0	30	-1	2	-1	0	24	-1	1	-1	-1	16	1	0
Secondary Explosion	2	2	-1	10	2	4	100	100	30	0	1	1	0	10	0	0	452	0	0	0	0	0	0	0	-1	2	-1	-1	5	0	20	0	0	30	0	0	-1	-1	0	1	1	-1	-1	1	0	314	0	0	0	10	10	-1	-1	10	200	200	-1	-1	200	500	500	-1	-1	500	5000	5000	-1	-1	5000	5000	8	-1	-1	45	5000	8	-1	-1	45	5000	8	-1	-1	45	5000	8	-1	-1	30	-1	5	-1	-1	16	-1	4	-1	-1	12	-1	3	-1	-1	8	-1	2	-1	-1	6	2	0
Mortar Support	3	19	3	8	0	7	100	35	10	1200	1	1	136	15	10	2	441	0	0	0	1	0	0	0	-1	2	-1	3	-1	0	20	0	8	0	-1	50	-1	50	-1	-1	1	-1	1	-1	0	256	0	256	0	-1	100	-1	100	-1	-1	200	-1	200	-1	-1	500	-1	500	-1	-1	1000	-1	1000	-1	-1	15	-1	5	-1	-1	15	-1	5	-1	-1	15	-1	5	-1	-1	15	-1	5	-1	-1	5	-1	1	-1	-1	4	-1	1	-1	-1	3	-1	0	-1	-1	2	-1	0	-1	47	0
Artillery Support	4	2	-1	10	0	7	100	100	30	0	1	1	0	10	0	0	503	0	0	0	0	0	0	0	-1	4	-1	-1	-1	0	30	0	0	0	-1	0	-1	-1	-1	-1	1	-1	-1	-1	0	256	0	0	0	-1	10	-1	-1	-1	-1	200	-1	-1	-1	-1	500	-1	-1	-1	-1	5000	-1	-1	-1	-1	45	-1	-1	-1	-1	45	-1	-1	-1	-1	45	-1	-1	-1	-1	30	-1	-1	-1	-1	16	-1	1	-1	-1	12	-1	1	-1	-1	8	-1	-1	-1	-1	6	-1	-1	-1	50	0
Sten Mk II	5	5	1	3	0	7	5	100	5	0	30	5	7	2	5	3	398	1	0	0	0	0	0	0	-1	-1	-1	-1	-1	0	0	0	0	0	1	-1	-1	-1	-1	0	-1	-1	-1	-1	372	0	0	0	0	10	-1	-1	-1	-1	25	-1	-1	-1	-1	50	-1	-1	-1	-1	100	-1	-1	-1	-1	4	-1	-1	-1	-1	3	-1	-1	-1	-1	3	-1	-1	-1	-1	2	-1	-1	-1	-1	-1	-1	-1	-1	-1	-1	-1	-1	-1	-1	-1	-1	-1	-1	-1	-1	-1	-1	-1	-1	21	0
Gammon Bomb	6	135	-1	10	1	7	100	100	50	0	1	1	0	2	0	0	511	1	0	0	0	0	0	0	-1	1	-1	-1	-1	0	8	0	0	8	-1	8	-1	-1	-1	-1	1	-1	-1	-1	0	350	0	0	0	-1	15	-1	-1	-1	-1	20	-1	-1	-1	-1	25	-1	-1	-1	-1	30	-1	-1	-1	-1	77	-1	-1	-1	-1	77	-1	-1	-1	-1	77	-1	-1	-1	-1	77	-1	-1	-1	-1	4	-1	-1	-1	-1	3	-1	-1	-1	-1	2	-1	-1	-1	-1	1	-1	-1	-1	107	0
MP40	7	7	1	3	0	7	2	100	4	0	32	4	9	2	5	3	464	1	0	0	0	0	0	0	-1	-1	-1	-1	-1	0	0	0	0	0	1	-1	-1	-1	-1	0	-1	-1	-1	-1	350	0	0	0	0	15	-1	-1	-1	-1	30	-1	-1	-1	-1	50	-1	-1	-1	-1	100	-1	-1	-1	-1	4	-1	-1	-1	-1	3	-1	-1	-1	-1	3	-1	-1	-1	-1	3	-1	-1	-1	-1	-1	-1	-1	-1	-1	-1	-1	-1	-1	-1	-1	-1	-1	-1	-1	-1	-1	-1	-1	-1	7	0
Coax MG42	8	45	1	7	0	7	2	100	5	0	250	8	23	15	8	3	431	1	0	0	0	0	0	0	-1	-1	-1	-1	-1	0	0	0	0	0	20	-1	-1	-1	-1	0	-1	-1	-1	-1	256	0	0	0	0	25	-1	-1	-1	-1	50	-1	-1	-1	-1	400	-1	-1	-1	-1	1200	-1	-1	-1	-1	8	-1	-1	-1	-1	6	-1	-1	-1	-1	4	-1	-1	-1	-1	2	-1	-1	-1	-1	-1	-1	-1	-1	-1	-1	-1	-1	-1	-1	-1	-1	-1	-1	-1	-1	-1	-1	-1	-1	104	2
MG42	9	9	1	7	0	7	2	100	3	0	250	8	26	15	8	3	452	0	0	0	0	0	0	0	-1	-1	-1	-1	-1	0	0	0	0	0	6	-1	-1	-1	-1	0	-1	-1	-1	-1	350	0	0	0	0	50	-1	-1	-1	-1	100	-1	-1	-1	-1	600	-1	-1	-1	-1	1200	-1	-1	-1	-1	8	-1	-1	-1	-1	6	-1	-1	-1	-1	4	-1	-1	-1	-1	2	-1	-1	-1	-1	-1	-1	-1	-1	-1	-1	-1	-1	-1	-1	-1	-1	-1	-1	-1	-1	-1	-1	-1	-1	9	0
M1A1 75mm Howitzer	10	120	1	9	0	7	60	60	1	200	1	1	0	5	5	5	452	0	0	0	0	0	0	0	-1	2	1	2	-1	0	20	4	0	0	-1	20	20	20	-1	-1	0	0	0	-1	0	431	431	398	0	-1	100	100	100	-1	-1	400	250	400	-1	-1	750	500	750	-1	-1	1150	1150	1150	-1	-1	30	90	5	-1	-1	30	90	5	-1	-1	30	90	5	-1	-1	25	90	5	-1	-1	7	2	1	-1	-1	5	1	0	-1	-1	3	1	0	-1	-1	2	1	0	-1	120	0
PIAT	11	11	-1	4	1	2	200	100	10	50	1	1	32	3	10	15	416	0	0	0	0	0	0	0	-1	-1	1	-1	-1	0	0	4	0	0	-1	-1	8	-1	-1	-1	-1	0	-1	-1	0	0	431	0	0	-1	-1	15	-1	-1	-1	-1	25	-1	-1	-1	-1	50	-1	-1	-1	-1	90	-1	-1	-1	-1	102	-1	-1	-1	-1	102	-1	-1	-1	-1	102	-1	-1	-1	-1	102	-1	-1	-1	-1	2	-1	-1	-1	-1	1	-1	-1	-1	-1	1	-1	-1	-1	-1	1	-1	-1	6	0
Panzerschreck	12	12	2	4	1	2	200	100	5	50	1	1	9	2	10	15	452	0	0	1	0	0	0	0	-1	-1	1	-1	-1	0	0	4	0	0	-1	-1	8	-1	-1	-1	-1	0	-1	-1	0	0	431	0	0	-1	-1	50	-1	-1	-1	-1	80	-1	-1	-1	-1	120	-1	-1	-1	-1	150	-1	-1	-1	-1	200	-1	-1	-1	-1	200	-1	-1	-1	-1	200	-1	-1	-1	-1	200	-1	-1	-1	-1	2	-1	-1	-1	-1	1	-1	-1	-1	-1	1	-1	-1	-1	-1	1	-1	-1	12	0
Colt .45 M1911	13	51	1	11	0	7	4	30	5	0	7	1	2	0	5	3	452	1	0	0	0	0	0	0	-1	-1	-1	-1	-1	0	0	0	0	0	0	-1	-1	-1	-1	0	-1	-1	-1	-1	350	0	0	0	0	5	-1	-1	-1	-1	10	-1	-1	-1	-1	25	-1	-1	-1	-1	50	-1	-1	-1	-1	4	-1	-1	-1	-1	3	-1	-1	-1	-1	2	-1	-1	-1	-1	2	-1	-1	-1	-1	-1	-1	-1	-1	-1	-1	-1	-1	-1	-1	-1	-1	-1	-1	-1	-1	-1	-1	-1	-1	35	0
2 inch mortar	14	112	3	8	2	4	25	25	10	300	1	1	11	2	10	2	441	0	0	0	1	0	0	0	-1	1	-1	2	-1	0	12	0	4	0	-1	40	-1	40	-1	-1	1	-1	1	-1	0	350	0	350	0	-1	100	-1	100	-1	-1	200	-1	200	-1	-1	300	-1	300	-1	-1	460	-1	460	-1	-1	5	-1	3	-1	-1	5	-1	3	-1	-1	5	-1	3	-1	-1	5	-1	3	-1	-1	3	-1	1	-1	-1	2	-1	0	-1	-1	2	-1	0	-1	-1	1	-1	0	-1	13	0
7.5cm KwK40 L/48	15	15	1	9	1	7	80	80	5	0	1	1	0	5	5	10	452	0	0	0	0	0	0	0	0	2	-1	2	-1	4	14	0	0	0	20	20	-1	20	-1	0	0	-1	0	-1	431	431	0	398	0	350	350	-1	350	-1	750	750	-1	750	-1	1250	1250	-1	1250	-1	1750	1500	-1	1500	-1	130	35	-1	5	-1	116	30	-1	5	-1	105	30	-1	5	-1	103	30	-1	5	-1	2	7	-1	1	-1	0	5	-1	0	-1	0	3	-1	0	-1	0	2	-1	0	-1	27	0
M3 75mm	16	16	1	9	1	7	80	80	5	0	1	1	0	5	5	10	452	0	0	0	0	0	0	0	0	2	-1	2	-1	4	15	0	0	0	20	20	-1	20	-1	0	0	-1	0	-1	431	431	0	398	0	250	250	-1	250	-1	500	500	-1	500	-1	1000	1000	-1	1000	-1	1500	1500	-1	1500	-1	94	36	-1	4	-1	90	32	-1	4	-1	78	32	-1	4	-1	70	30	-1	4	-1	2	7	-1	1	-1	0	5	-1	0	-1	0	3	-1	0	-1	0	2	-1	0	-1	111	0
Vickers .303 MMG	17	78	1	7	0	7	2	100	5	200	250	6	90	20	9	3	475	0	0	0	0	0	0	0	-1	-1	-1	-1	-1	0	0	0	0	0	6	-1	-1	-1	-1	0	-1	-1	-1	-1	372	0	0	0	0	50	-1	-1	-1	-1	100	-1	-1	-1	-1	600	-1	-1	-1	-1	1200	-1	-1	-1	-1	8	-1	-1	-1	-1	6	-1	-1	-1	-1	4	-1	-1	-1	-1	2	-1	-1	-1	-1	-1	-1	-1	-1	-1	-1	-1	-1	-1	-1	-1	-1	-1	-1	-1	-1	-1	-1	-1	-1	8	0
8.8cm FlaK 36	18	18	1	9	1	7	40	40	3	200	1	1	0	5	5	5	464	0	0	0	0	0	0	0	0	2	-1	2	-1	4	20	0	0	0	20	20	-1	20	-1	0	0	-1	0	-1	476	431	0	398	0	450	400	-1	400	-1	800	750	-1	750	-1	1250	1000	-1	1000	-1	2000	1500	-1	1500	-1	158	45	-1	5	-1	142	40	-1	5	-1	132	40	-1	5	-1	116	40	-1	5	-1	2	9	-1	1	-1	0	6	-1	0	-1	0	4	-1	0	-1	0	3	-1	0	-1	16	0
3 inch Mortar	19	19	3	8	2	4	30	30	10	1000	1	1	125	8	10	2	441	0	0	0	1	0	0	0	-1	2	-1	2	-1	0	16	0	4	0	-1	200	-1	200	-1	-1	1	-1	1	-1	0	431	0	350	0	-1	205	-1	205	-1	-1	210	-1	210	-1	-1	1000	-1	1000	-1	-1	3000	-1	3000	-1	-1	8	-1	4	-1	-1	8	-1	3	-1	-1	8	-1	3	-1	-1	8	-1	3	-1	-1	5	-1	1	-1	-1	4	-1	0	-1	-1	3	-1	0	-1	-1	2	-1	0	-1	17	0
8cm Granatwerfer	20	20	3	8	2	4	30	30	10	1000	1	1	125	8	10	2	441	0	0	0	0	0	0	0	-1	2	-1	2	-1	0	16	0	4	0	-1	200	-1	200	-1	-1	1	-1	1	-1	0	431	0	350	0	-1	205	-1	205	-1	-1	210	-1	210	-1	-1	1000	-1	1000	-1	-1	3000	-1	3000	-1	-1	8	-1	4	-1	-1	8	-1	3	-1	-1	8	-1	3	-1	-1	8	-1	3	-1	-1	5	-1	1	-1	-1	4	-1	0	-1	-1	3	-1	0	-1	-1	2	-1	0	-1	17	0
8.8cm KwK43 L/71	21	21	1	9	1	7	50	50	1	0	1	1	0	5	5	5	464	0	0	0	0	0	0	0	0	2	1	2	-1	4	20	6	0	0	20	20	-1	20	-1	0	0	-1	0	-1	431	431	0	398	0	500	400	-1	400	-1	1000	750	-1	750	-1	1500	1200	-1	1200	-1	2000	1500	-1	1500	-1	227	45	-1	5	-1	204	40	-1	5	-1	190	40	-1	5	-1	176	35	-1	5	-1	2	9	-1	1	-1	0	6	-1	0	-1	0	4	-1	0	-1	0	3	-1	0	-1	16	0
5cm KwK39 L/60	22	22	1	9	1	6	55	55	3	0	1	1	0	5	5	5	452	0	0	0	0	0	0	0	0	1	-1	-1	0	4	8	0	0	2	20	20	-1	-1	20	0	0	-1	-1	0	476	431	0	0	398	250	250	-1	-1	250	750	400	-1	-1	750	1000	750	-1	-1	1000	1500	1250	-1	-1	1500	93	30	-1	-1	140	70	30	-1	-1	88	62	25	-1	-1	72	49	20	-1	-1	48	1	4	-1	-1	1	0	3	-1	-1	0	0	2	-1	-1	0	0	1	-1	-1	0	18	0
M6 37mm	23	23	1	9	1	7	50	40	3	0	1	1	0	5	5	5	464	0	0	0	0	0	0	1	0	1	-1	-1	0	4	6	0	0	2	20	20	-1	-1	20	0	0	-1	-1	0	431	431	0	0	350	250	250	-1	-1	25	500	500	-1	-1	40	750	750	-1	-1	45	1100	1100	-1	-1	50	74	30	-1	-1	15	68	30	-1	-1	10	63	25	-1	-1	8	56	20	-1	-1	4	1	2	-1	-1	15	0	1	-1	-1	10	-1	1	-1	-1	5	-1	1	-1	-1	2	108	0
2cm KwK38 L/55	24	24	1	9	1	7	10	80	3	0	20	2	0	5	15	5	452	0	0	0	0	0	0	0	0	0	-1	-1	-1	4	4	0	0	0	20	20	-1	-1	-1	0	0	-1	-1	-1	431	431	0	0	0	200	200	-1	-1	-1	500	400	-1	-1	-1	750	600	-1	-1	-1	1000	1000	-1	-1	-1	43	20	-1	-1	-1	33	15	-1	-1	-1	28	10	-1	-1	-1	23	5	-1	-1	-1	-1	2	-1	-1	-1	-1	1	-1	-1	-1	-1	1	-1	-1	-1	-1	0	-1	-1	-1	118	0
7.5cm Kwk 42 L/70	25	25	1	9	1	7	80	80	3	0	1	1	0	5	5	5	452	0	0	0	0	0	0	0	0	2	-1	2	-1	4	14	0	0	0	20	20	-1	20	-1	0	0	-1	0	-1	431	431	0	398	0	500	350	-1	350	-1	900	650	-1	650	-1	1300	1000	-1	1000	-1	2300	1600	-1	1600	-1	180	32	-1	4	-1	152	28	-1	4	-1	135	28	-1	4	-1	109	28	-1	4	-1	2	7	-1	1	-1	0	5	-1	0	-1	0	3	-1	0	-1	0	2	-1	0	-1	14	0
8.8cm KwK36 L/56	26	26	1	9	1	7	50	50	3	0	1	1	0	5	5	5	464	0	0	0	0	0	0	0	0	2	-1	2	-1	4	20	0	0	0	20	20	-1	20	-1	0	0	-1	0	-1	431	431	0	398	0	450	400	-1	400	-1	800	750	-1	750	-1	1250	1000	-1	1000	-1	2000	1500	-1	1500	-1	158	45	-1	5	-1	142	40	-1	5	-1	132	40	-1	5	-1	116	40	-1	5	-1	2	9	-1	1	-1	0	6	-1	0	-1	0	4	-1	0	-1	0	3	-1	0	-1	16	0
OPEN	27	27	1	9	1	7	80	80	1	200	1	1	5	5	5	5	464	0	0	0	0	0	0	0	0	2	0	2	-1	1	8	0	1	0	20	20	20	20	-1	0	0	0	0	-1	398	398	398	314	0	40	40	40	40	-1	-1	150	150	150	-1	500	500	500	500	-1	2000	2000	2000	2000	-1	132	40	205	4	-1	114	40	205	4	-1	82	40	205	4	-1	80	40	205	4	-1	1	25	1	1	-1	1	18	1	1	-1	1	9	1	1	-1	1	4	1	1	-1	27	0
7.5cm KwK37 L/24	28	34	1	9	1	7	60	60	5	0	1	1	0	5	5	5	452	0	0	0	0	0	0	0	-1	2	1	2	-1	0	15	4	0	0	-1	20	20	20	-1	-1	0	0	0	-1	0	431	398	398	0	-1	100	100	100	-1	-1	500	250	500	-1	-1	850	500	850	-1	-1	1250	1150	1250	-1	-1	30	115	3	-1	-1	30	115	3	-1	-1	30	115	3	-1	-1	25	115	3	-1	-1	7	2	1	-1	-1	5	1	0	-1	-1	3	1	0	-1	-1	2	-1	0	-1	19	0
OPEN	29	29	1	13	0	3	4	100	3	50	250	6	23	15	8	3	431	1	0	0	0	0	0	0	-1	-1	-1	-1	-1	0	0	0	0	0	5	-1	-1	-1	-1	0	-1	-1	-1	-1	398	0	0	0	0	30	-1	-1	-1	-1	100	-1	-1	-1	-1	300	-1	-1	-1	-1	1000	-1	-1	-1	-1	7	-1	-1	-1	-1	5	-1	-1	-1	-1	4	-1	-1	-1	-1	3	-1	-1	-1	-1	-1	-1	-1	-1	-1	-1	-1	-1	-1	-1	-1	-1	-1	-1	-1	-1	-1	-1	-1	-1	20	0
ZFGew 256(r)	30	30	-1	1	0	7	30	100	12	0	5	1	9	1	5	3	476	0	0	0	0	0	0	0	-1	-1	-1	-1	-1	0	0	0	0	0	2	-1	-1	-1	-1	0	-1	-1	-1	-1	431	0	0	0	0	100	-1	-1	-1	-1	200	-1	-1	-1	-1	300	-1	-1	-1	-1	800	-1	-1	-1	-1	12	-1	-1	-1	-1	11	-1	-1	-1	-1	10	-1	-1	-1	-1	8	-1	-1	-1	-1	-1	-1	-1	-1	-1	-1	-1	-1	-1	-1	-1	-1	-1	-1	-1	-1	-1	-1	-1	-1	3	0
Mauser K 98 ZF	31	31	0	1	0	7	15	100	12	0	5	1	9	1	5	3	482	0	0	0	0	0	0	0	-1	-1	-1	-1	-1	0	0	0	0	0	2	-1	-1	-1	-1	0	-1	-1	-1	-1	431	0	0	0	0	100	-1	-1	-1	-1	200	-1	-1	-1	-1	300	-1	-1	-1	-1	800	-1	-1	-1	-1	12	-1	-1	-1	-1	11	-1	-1	-1	-1	10	-1	-1	-1	-1	8	-1	-1	-1	-1	-1	-1	-1	-1	-1	-1	-1	-1	-1	-1	-1	-1	-1	-1	-1	-1	-1	-1	-1	-1	3	0
5cm Pak38	32	22	1	9	1	7	50	50	3	200	1	1	0	5	5	5	452	0	0	0	0	0	0	0	0	1	-1	-1	0	4	8	0	0	4	20	20	-1	-1	20	0	0	-1	-1	0	431	431	0	0	431	350	250	-1	-1	500	600	500	-1	-1	750	900	750	-1	-1	1000	1250	1100	-1	-1	1250	93	30	-1	-1	132	76	30	-1	-1	88	64	25	-1	-1	72	55	20	-1	-1	59	1	4	-1	-1	1	0	3	-1	-1	0	0	2	-1	-1	0	0	1	-1	-1	0	18	0
2.8cm sPzB 41	33	40	1	9	1	7	40	20	1	200	1	1	0	0	5	5	452	0	0	0	0	0	0	0	0	0	-1	-1	-1	4	4	0	0	0	20	20	-1	-1	-1	-1	0	-1	-1	-1	431	431	0	0	0	200	200	-1	-1	-1	500	500	-1	-1	-1	750	600	-1	-1	-1	1000	1000	-1	-1	-1	75	20	-1	-1	-1	56	15	-1	-1	-1	44	10	-1	-1	-1	34	5	-1	-1	-1	-1	2	-1	-1	-1	-1	1	-1	-1	-1	-1	1	-1	-1	-1	-1	0	-1	-1	-1	118	0
7.5cm IG 18	34	34	1	9	0	7	50	50	10	200	1	1	0	5	5	5	452	0	0	0	0	0	0	0	-1	2	1	2	-1	0	20	4	0	0	-1	20	20	20	-1	-1	0	0	0	-1	0	431	398	398	0	-1	100	100	100	-1	-1	400	250	400	-1	-1	750	500	750	-1	-1	1500	1150	1500	-1	-1	30	88	5	-1	-1	30	88	5	-1	-1	25	88	5	-1	-1	15	88	5	-1	-1	8	2	1	-1	-1	6	1	0	-1	-1	4	1	0	-1	-1	3	1	0	-1	19	0
Leichtes MG42	35	35	1	13	0	7	2	50	5	60	50	8	26	6	8	3	452	1	0	0	0	0	0	0	-1	-1	-1	-1	-1	0	0	0	0	0	3	-1	-1	-1	-1	0	-1	-1	-1	-1	350	0	0	0	0	50	-1	-1	-1	-1	100	-1	-1	-1	-1	600	-1	-1	-1	-1	1000	-1	-1	-1	-1	8	-1	-1	-1	-1	6	-1	-1	-1	-1	4	-1	-1	-1	-1	2	-1	-1	-1	-1	-1	-1	-1	-1	-1	-1	-1	-1	-1	-1	-1	-1	-1	-1	-1	-1	-1	-1	-1	-1	9	0
OPEN	36	36	3	12	2	4	2	300	15	0	1	1	0	2	0	0	452	1	0	0	0	0	0	0	-1	-1	-1	2	-1	0	0	0	0	0	-1	-1	-1	1	-1	-1	-1	-1	1	-1	0	0	0	256	0	-1	-1	-1	10	-1	-1	-1	-1	15	-1	-1	-1	-1	20	-1	-1	-1	-1	30	-1	-1	-1	-1	0	-1	-1	-1	-1	0	-1	-1	-1	-1	0	-1	-1	-1	-1	0	-1	-1	-1	-1	0	-1	-1	-1	-1	0	-1	-1	-1	-1	0	-1	-1	-1	-1	0	-1	22	0
"2"" Bomb Thrower"	37	128	3	12	2	4	5	50	15	0	1	1	0	2	0	0	423	1	0	0	0	0	0	0	-1	-1	-1	2	-1	0	0	0	0	0	-1	-1	-1	20	-1	-1	-1	-1	1	-1	0	0	0	256	0	-1	-1	-1	25	-1	-1	-1	-1	80	-1	-1	-1	-1	100	-1	-1	-1	-1	120	-1	-1	-1	-1	0	-1	-1	-1	-1	0	-1	-1	-1	-1	0	-1	-1	-1	-1	0	-1	-1	-1	-1	0	-1	-1	-1	-1	0	-1	-1	-1	-1	0	-1	-1	-1	-1	0	-1	22	0
Nahverteidigungswaffe	38	38	3	12	2	4	2	300	15	0	1	1	0	2	0	0	452	1	0	0	0	0	0	0	-1	-1	-1	2	-1	0	0	0	0	0	-1	-1	-1	1	-1	-1	-1	-1	1	-1	0	0	0	256	0	-1	-1	-1	10	-1	-1	-1	-1	15	-1	-1	-1	-1	20	-1	-1	-1	-1	30	-1	-1	-1	-1	0	-1	-1	-1	-1	0	-1	-1	-1	-1	0	-1	-1	-1	-1	0	-1	-1	-1	-1	0	-1	-1	-1	-1	0	-1	-1	-1	-1	0	-1	-1	-1	-1	0	-1	22	0
M7 3-inch Gun	39	39	1	9	1	7	50	50	3	200	1	1	0	5	5	5	464	0	0	0	0	0	0	0	0	2	-1	-1	-1	4	15	0	0	0	20	20	-1	-1	-1	0	0	-1	-1	-1	431	431	0	0	0	400	400	-1	-1	-1	800	800	-1	-1	-1	1300	1300	-1	-1	-1	1800	1800	-1	-1	-1	122	35	-1	-1	-1	107	30	-1	-1	-1	98	30	-1	-1	-1	88	30	-1	-1	-1	2	7	-1	-1	-1	0	5	-1	-1	-1	0	3	-1	-1	-1	0	2	-1	-1	-1	109	0
10.5cm StuH42 L/28	40	40	1	9	0	6	120	120	10	200	1	1	0	5	5	5	452	0	0	0	0	0	0	0	-1	3	2	3	-1	0	25	8	0	0	-1	30	20	30	-1	-1	0	0	0	-1	0	431	431	398	0	-1	300	200	300	-1	-1	550	500	550	-1	-1	850	850	850	-1	-1	2000	1400	2000	-1	-1	45	115	4	-1	-1	45	115	4	-1	-1	40	115	4	-1	-1	40	115	4	-1	-1	11	2	1	-1	-1	9	1	1	-1	-1	6	1	0	-1	-1	4	1	0	-1	112	0
Explosives	41	41	-1	6	2	7	100	100	30	0	1	1	0	10	0	0	452	1	0	0	0	0	1	0	-1	3	-1	-1	-1	0	15	0	0	0	-1	8	-1	-1	-1	-1	0	-1	-1	-1	0	350	0	0	0	-1	10	-1	-1	-1	-1	12	-1	-1	-1	-1	16	-1	-1	-1	-1	20	-1	-1	-1	-1	30	-1	-1	-1	-1	30	-1	-1	-1	-1	30	-1	-1	-1	-1	30	-1	-1	-1	-1	2	-1	-1	-1	-1	2	-1	-1	-1	-1	1	-1	-1	-1	-1	1	-1	-1	-1	122	0
Gewehr 43ZF	42	42	-1	2	0	7	4	80	12	0	10	1	10	1	5	3	464	0	0	0	0	0	0	0	-1	-1	-1	-1	-1	0	0	0	0	0	2	-1	-1	-1	-1	0	-1	-1	-1	-1	431	0	0	0	0	100	-1	-1	-1	-1	200	-1	-1	-1	-1	300	-1	-1	-1	-1	800	-1	-1	-1	-1	12	-1	-1	-1	-1	12	-1	-1	-1	-1	10	-1	-1	-1	-1	8	-1	-1	-1	-1	-1	-1	-1	-1	-1	-1	-1	-1	-1	-1	-1	-1	-1	-1	-1	-1	-1	-1	-1	-1	24	0
Walther P38	43	43	1	11	0	7	2	100	5	0	8	1	2	0	5	3	452	1	0	0	0	0	0	0	-1	-1	-1	-1	-1	0	0	0	0	0	0	-1	-1	-1	-1	0	-1	-1	-1	-1	350	0	0	0	0	5	-1	-1	-1	-1	10	-1	-1	-1	-1	25	-1	-1	-1	-1	50	-1	-1	-1	-1	3	-1	-1	-1	-1	4	-1	-1	-1	-1	3	-1	-1	-1	-1	3	-1	-1	-1	-1	-1	-1	-1	-1	-1	-1	-1	-1	-1	-1	-1	-1	-1	-1	-1	-1	-1	-1	-1	-1	25	0
Bow MG34	44	44	1	7	0	7	4	100	5	0	250	6	23	15	8	3	431	1	0	0	0	0	0	0	-1	-1	-1	-1	-1	0	0	0	0	0	6	-1	-1	-1	-1	0	-1	-1	-1	-1	229	0	0	0	0	50	-1	-1	-1	-1	100	-1	-1	-1	-1	600	-1	-1	-1	-1	1200	-1	-1	-1	-1	8	-1	-1	-1	-1	7	-1	-1	-1	-1	4	-1	-1	-1	-1	2	-1	-1	-1	-1	-1	-1	-1	-1	-1	-1	-1	-1	-1	-1	-1	-1	-1	-1	-1	-1	-1	-1	-1	-1	116	1
Coax MG34	45	45	1	7	0	7	4	100	5	0	250	6	23	15	8	3	431	1	0	0	0	0	0	0	-1	-1	-1	-1	-1	0	0	0	0	0	20	-1	-1	-1	-1	0	-1	-1	-1	-1	243	0	0	0	0	50	-1	-1	-1	-1	100	-1	-1	-1	-1	600	-1	-1	-1	-1	1200	-1	-1	-1	-1	8	-1	-1	-1	-1	7	-1	-1	-1	-1	4	-1	-1	-1	-1	2	-1	-1	-1	-1	-1	-1	-1	-1	-1	-1	-1	-1	-1	-1	-1	-1	-1	-1	-1	-1	-1	-1	-1	-1	116	2
AA MG34	46	46	1	7	0	7	4	100	5	0	250	6	23	15	8	3	431	1	0	0	0	0	0	0	-1	-1	-1	-1	-1	0	0	0	0	0	10	-1	-1	-1	-1	0	-1	-1	-1	-1	298	0	0	0	0	50	-1	-1	-1	-1	100	-1	-1	-1	-1	600	-1	-1	-1	-1	1200	-1	-1	-1	-1	8	-1	-1	-1	-1	7	-1	-1	-1	-1	5	-1	-1	-1	-1	2	-1	-1	-1	-1	-1	-1	-1	-1	-1	-1	-1	-1	-1	-1	-1	-1	-1	-1	-1	-1	-1	-1	-1	-1	105	3
Bow .30 cal MG	47	47	1	7	0	7	4	150	5	0	250	4	45	15	7	3	441	1	0	0	0	0	0	0	-1	-1	-1	-1	-1	0	0	0	0	0	6	-1	-1	-1	-1	0	-1	-1	-1	-1	229	0	0	0	0	50	-1	-1	-1	-1	100	-1	-1	-1	-1	600	-1	-1	-1	-1	1200	-1	-1	-1	-1	9	-1	-1	-1	-1	8	-1	-1	-1	-1	4	-1	-1	-1	-1	2	-1	-1	-1	-1	-1	-1	-1	-1	-1	-1	-1	-1	-1	-1	-1	-1	-1	-1	-1	-1	-1	-1	-1	-1	115	1
Coax .30 cal MG	48	48	1	7	0	7	4	150	5	0	250	4	45	15	7	3	441	1	0	0	0	0	0	0	-1	-1	-1	-1	-1	0	0	0	0	0	20	-1	-1	-1	-1	0	-1	-1	-1	-1	243	0	0	0	0	50	-1	-1	-1	-1	100	-1	-1	-1	-1	600	-1	-1	-1	-1	1200	-1	-1	-1	-1	9	-1	-1	-1	-1	8	-1	-1	-1	-1	4	-1	-1	-1	-1	2	-1	-1	-1	-1	-1	-1	-1	-1	-1	-1	-1	-1	-1	-1	-1	-1	-1	-1	-1	-1	-1	-1	-1	-1	115	2
AA .50 cal MG	49	49	1	7	0	7	5	200	5	0	105	3	125	30	6	5	464	1	0	0	0	0	0	0	-1	-1	-1	-1	-1	0	0	0	0	0	10	-1	-1	-1	-1	0	-1	-1	-1	-1	298	0	0	0	0	50	-1	-1	-1	-1	100	-1	-1	-1	-1	600	-1	-1	-1	-1	1800	-1	-1	-1	-1	23	-1	-1	-1	-1	22	-1	-1	-1	-1	18	-1	-1	-1	-1	12	-1	-1	-1	-1	-1	-1	-1	-1	-1	-1	-1	-1	-1	-1	-1	-1	-1	-1	-1	-1	-1	-1	-1	-1	15	3
AA .30 cal MG	50	50	1	7	0	7	4	150	5	0	250	4	45	15	7	3	441	1	0	0	0	0	0	0	-1	-1	-1	-1	-1	0	0	0	0	0	10	-1	-1	-1	-1	0	-1	-1	-1	-1	298	0	0	0	0	50	-1	-1	-1	-1	100	-1	-1	-1	-1	600	-1	-1	-1	-1	1200	-1	-1	-1	-1	9	-1	-1	-1	-1	8	-1	-1	-1	-1	4	-1	-1	-1	-1	2	-1	-1	-1	-1	-1	-1	-1	-1	-1	-1	-1	-1	-1	-1	-1	-1	-1	-1	-1	-1	-1	-1	-1	-1	115	3
Enf No2 Revolver	51	71	1	11	0	7	2	300	5	0	6	1	2	0	5	3	452	1	0	0	0	0	0	0	-1	-1	-1	-1	-1	0	0	0	0	0	0	-1	-1	-1	-1	0	-1	-1	-1	-1	350	0	0	0	0	5	-1	-1	-1	-1	10	-1	-1	-1	-1	25	-1	-1	-1	-1	50	-1	-1	-1	-1	3	-1	-1	-1	-1	3	-1	-1	-1	-1	3	-1	-1	-1	-1	2	-1	-1	-1	-1	-1	-1	-1	-1	-1	-1	-1	-1	-1	-1	-1	-1	-1	-1	-1	-1	-1	-1	-1	-1	28	0
Schweres MG42	52	52	1	7	0	7	2	50	5	300	250	11	52	15	8	3	452	0	0	0	0	0	0	0	-1	-1	-1	-1	-1	0	0	0	0	0	6	-1	-1	-1	-1	0	-1	-1	-1	-1	350	0	0	0	0	50	-1	-1	-1	-1	100	-1	-1	-1	-1	600	-1	-1	-1	-1	1200	-1	-1	-1	-1	8	-1	-1	-1	-1	6	-1	-1	-1	-1	4	-1	-1	-1	-1	2	-1	-1	-1	-1	-1	-1	-1	-1	-1	-1	-1	-1	-1	-1	-1	-1	-1	-1	-1	-1	-1	-1	-1	-1	117	0
Vickers .303 K-Gun	53	127	1	7	0	7	2	60	5	50	96	6	30	4	8	3	430	0	0	0	0	0	0	0	-1	-1	-1	-1	-1	0	0	0	0	0	4	-1	-1	-1	-1	0	-1	-1	-1	-1	372	0	0	0	0	50	-1	-1	-1	-1	100	-1	-1	-1	-1	600	-1	-1	-1	-1	1200	-1	-1	-1	-1	8	-1	-1	-1	-1	6	-1	-1	-1	-1	4	-1	-1	-1	-1	2	-1	-1	-1	-1	-1	-1	-1	-1	-1	-1	-1	-1	-1	-1	-1	-1	-1	-1	-1	-1	-1	-1	-1	-1	40	0
MP 43	54	54	1	3	0	7	5	100	5	0	30	4	11	4	5	3	476	1	0	0	0	0	0	0	-1	-1	-1	-1	-1	0	0	0	0	0	2	-1	-1	-1	-1	0	-1	-1	-1	-1	398	0	0	0	0	25	-1	-1	-1	-1	100	-1	-1	-1	-1	300	-1	-1	-1	-1	500	-1	-1	-1	-1	8	-1	-1	-1	-1	8	-1	-1	-1	-1	6	-1	-1	-1	-1	5	-1	-1	-1	-1	-1	-1	-1	-1	-1	-1	-1	-1	-1	-1	-1	-1	-1	-1	-1	-1	-1	-1	-1	-1	29	0
Gewehr 242(f)	55	3	0	1	0	7	20	110	5	0	5	1	7	1	5	3	431	1	1	0	0	0	0	0	-1	-1	-1	-1	-1	0	0	0	0	0	2	-1	-1	-1	-1	0	-1	-1	-1	-1	431	0	0	0	0	100	-1	-1	-1	-1	200	-1	-1	-1	-1	260	-1	-1	-1	-1	400	-1	-1	-1	-1	12	-1	-1	-1	-1	11	-1	-1	-1	-1	10	-1	-1	-1	-1	8	-1	-1	-1	-1	-1	-1	-1	-1	-1	-1	-1	-1	-1	-1	-1	-1	-1	-1	-1	-1	-1	-1	-1	-1	24	0
8.8cm PaK 43	56	21	1	9	1	7	50	50	3	0	1	1	0	5	5	5	464	0	0	0	0	0	0	0	0	2	1	2	-1	4	20	6	0	0	20	20	-1	20	-1	0	0	-1	0	-1	476	431	0	398	0	500	400	-1	400	-1	1000	750	-1	750	-1	1500	1200	-1	1200	-1	2000	1500	-1	1500	-1	227	45	-1	5	-1	204	40	-1	5	-1	190	40	-1	5	-1	176	35	-1	5	-1	2	9	-1	1	-1	0	6	-1	0	-1	0	4	-1	0	-1	0	3	-1	0	-1	16	0
OPEN	57	57	-1	5	0	7	20	20	15	0	2	2	0	0	10	1	452	0	0	0	0	0	0	0	-1	-1	-1	-1	3	0	0	0	0	8	-1	-1	-1	-1	6	-1	-1	-1	-1	0	0	0	0	0	350	-1	-1	-1	-1	10	-1	-1	-1	-1	15	-1	-1	-1	-1	30	-1	-1	-1	-1	60	-1	-1	-1	-1	125	-1	-1	-1	-1	100	-1	-1	-1	-1	80	-1	-1	-1	-1	60	-1	-1	-1	-1	100	-1	-1	-1	-1	90	-1	-1	-1	-1	75	-1	-1	-1	-1	50	31	0
Flammenwerfer 35	58	75	-1	5	0	7	20	20	15	0	2	2	24	0	10	1	452	0	0	0	0	0	0	0	-1	-1	-1	-1	3	0	0	0	0	8	-1	-1	-1	-1	6	-1	-1	-1	-1	0	0	0	0	0	372	-1	-1	-1	-1	10	-1	-1	-1	-1	15	-1	-1	-1	-1	20	-1	-1	-1	-1	35	-1	-1	-1	-1	125	-1	-1	-1	-1	100	-1	-1	-1	-1	80	-1	-1	-1	-1	60	-1	-1	-1	-1	125	-1	-1	-1	-1	100	-1	-1	-1	-1	70	-1	-1	-1	-1	42	31	0
OQF 17pdr	59	109	-1	9	1	7	80	80	3	300	1	1	0	5	5	5	423	0	0	0	0	0	0	0	0	2	-1	2	-1	4	12	0	0	0	20	20	-1	20	-1	0	0	-1	0	-1	431	431	0	398	0	500	350	-1	350	-1	900	650	-1	650	-1	1300	1000	-1	1000	-1	2300	1600	-1	1600	-1	185	30	-1	4	-1	166	28	-1	4	-1	156	28	-1	4	-1	126	28	-1	4	-1	2	7	-1	4	-1	0	5	-1	0	-1	0	3	-1	0	-1	0	2	-1	0	-1	110	0
OPEN	60	19	3	8	0	7	100	35	10	1200	1	1	136	10	10	2	441	0	0	0	1	0	0	0	-1	2	-1	3	-1	0	20	0	5	0	-1	200	-1	200	-1	-1	1	-1	1	-1	0	256	0	298	0	-1	250	-1	250	-1	-1	300	-1	300	-1	-1	600	-1	600	-1	-1	1800	-1	1800	-1	-1	9	-1	5	-1	-1	9	-1	5	-1	-1	9	-1	5	-1	-1	9	-1	5	-1	-1	10	-1	2	-1	-1	8	-1	1	-1	-1	6	-1	1	-1	-1	4	-1	1	-1	17	0
3.7cm L/46	61	61	1	9	1	7	45	20	3	200	1	1	0	0	5	3	452	0	0	0	0	0	0	0	0	1	-1	-1	-1	4	6	0	0	0	20	20	-1	-1	20	0	0	-1	-1	0	431	431	0	0	398	200	200	-1	-1	250	500	500	-1	-1	500	750	600	-1	-1	750	1000	1000	-1	-1	1100	61	25	-1	-1	81	52	20	-1	-1	48	45	20	-1	-1	32	40	15	-1	-1	20	1	2	-1	-1	0	0	1	-1	-1	0	-1	1	-1	-1	-1	-1	1	-1	-1	-1	108	0
Flammenwerfer	62	62	-1	5	0	7	20	20	20	0	2	2	0	0	10	1	452	0	0	0	0	0	0	0	-1	-1	-1	-1	3	0	0	0	0	8	-1	-1	-1	-1	6	-1	-1	-1	-1	0	0	0	0	0	372	-1	-1	-1	-1	10	-1	-1	-1	-1	30	-1	-1	-1	-1	45	-1	-1	-1	-1	60	-1	-1	-1	-1	125	-1	-1	-1	-1	100	-1	-1	-1	-1	80	-1	-1	-1	-1	60	-1	-1	-1	-1	80	-1	-1	-1	-1	60	-1	-1	-1	-1	40	-1	-1	-1	-1	25	31	2
7.92mm BESA coax	63	67	1	7	0	7	4	150	5	0	225	4	45	15	7	3	441	1	0	0	0	0	0	0	-1	-1	-1	-1	-1	0	0	0	0	0	20	-1	-1	-1	-1	0	-1	-1	-1	-1	243	0	0	0	0	50	-1	-1	-1	-1	100	-1	-1	-1	-1	600	-1	-1	-1	-1	1200	-1	-1	-1	-1	9	-1	-1	-1	-1	8	-1	-1	-1	-1	4	-1	-1	-1	-1	2	-1	-1	-1	-1	-1	-1	-1	-1	-1	-1	-1	-1	-1	-1	-1	-1	-1	-1	-1	-1	-1	-1	-1	-1	37	2
K 98k Schiessbecher	64	64	0	1	0	7	15	80	15	0	1	1	8	1	5	3	482	1	1	0	0	1	0	0	-1	0	0	-1	-1	0	6	4	0	0	2	8	4	-1	-1	0	0	0	-1	-1	398	372	372	0	0	10	20	10	-1	-1	50	50	20	-1	-1	150	75	50	-1	-1	300	200	75	-1	-1	7	7	40	-1	-1	4	7	40	-1	-1	3	7	40	-1	-1	2	7	40	-1	-1	-1	4	2	-1	-1	-1	3	1	-1	-1	-1	2	1	-1	-1	-1	1	-1	-1	-1	32	0
OQF 95mm Howitzer	65	65	1	9	0	7	80	100	10	300	1	1	0	5	5	5	423	0	0	0	0	0	0	0	-1	3	0	3	-1	0	20	0	5	0	-1	20	20	20	-1	-1	0	0	0	-1	0	431	398	398	0	-1	100	100	100	-1	-1	500	250	500	-1	-1	900	500	900	-1	-1	1250	1150	1250	-1	-1	35	127	4	-1	-1	35	127	4	-1	-1	30	127	4	-1	-1	30	127	4	-1	-1	9	-1	3	-1	-1	6	-1	1	-1	-1	4	-1	0	-1	-1	3	-1	0	-1	19	0
PIAT	66	11	-1	4	1	2	200	100	10	50	1	1	32	3	10	15	416	0	0	0	0	0	0	0	-1	-1	1	-1	-1	0	0	4	0	0	-1	-1	8	-1	-1	-1	-1	0	-1	-1	0	0	431	0	0	-1	-1	15	-1	-1	-1	-1	25	-1	-1	-1	-1	50	-1	-1	-1	-1	90	-1	-1	-1	-1	102	-1	-1	-1	-1	102	-1	-1	-1	-1	102	-1	-1	-1	-1	102	-1	-1	-1	-1	2	-1	-1	-1	-1	1	-1	-1	-1	-1	1	-1	-1	-1	-1	1	-1	-1	6	0
7.92mm BESA bow	67	67	1	7	0	7	4	150	5	0	225	4	92	15	7	3	441	1	0	0	0	0	0	0	-1	-1	-1	-1	-1	0	0	0	0	0	6	-1	-1	-1	-1	0	-1	-1	-1	-1	243	0	0	0	0	50	-1	-1	-1	-1	100	-1	-1	-1	-1	600	-1	-1	-1	-1	1200	-1	-1	-1	-1	9	-1	-1	-1	-1	8	-1	-1	-1	-1	4	-1	-1	-1	-1	2	-1	-1	-1	-1	-1	-1	-1	-1	-1	-1	-1	-1	-1	-1	-1	-1	-1	-1	-1	-1	-1	-1	-1	-1	37	1
OPEN	68	68	1	7	0	3	3	150	5	100	100	4	36	15	7	3	441	1	0	0	0	0	0	0	-1	-1	-1	-1	-1	0	0	0	0	0	6	-1	-1	-1	-1	0	-1	-1	-1	-1	372	0	0	0	0	20	-1	-1	-1	-1	80	-1	-1	-1	-1	200	-1	-1	-1	-1	800	-1	-1	-1	-1	7	-1	-1	-1	-1	4	-1	-1	-1	-1	3	-1	-1	-1	-1	1	-1	-1	-1	-1	-1	-1	-1	-1	-1	-1	-1	-1	-1	-1	-1	-1	-1	-1	-1	-1	-1	-1	-1	-1	26	0
Sten Mk V	69	121	1	3	0	7	5	100	5	0	30	5	7	2	5	3	411	1	0	0	0	0	0	0	-1	-1	-1	-1	-1	0	0	0	0	0	1	-1	-1	-1	-1	0	-1	-1	-1	-1	372	0	0	0	0	10	-1	-1	-1	-1	25	-1	-1	-1	-1	50	-1	-1	-1	-1	100	-1	-1	-1	-1	4	-1	-1	-1	-1	3	-1	-1	-1	-1	3	-1	-1	-1	-1	2	-1	-1	-1	-1	-1	-1	-1	-1	-1	-1	-1	-1	-1	-1	-1	-1	-1	-1	-1	-1	-1	-1	-1	-1	21	0
Thompson M1A1	70	70	1	3	0	7	5	80	4	0	30	3	10	4	5	3	431	1	0	0	0	0	0	0	-1	-1	-1	-1	-1	0	0	0	0	0	1	-1	-1	-1	-1	0	-1	-1	-1	-1	372	0	0	0	0	15	-1	-1	-1	-1	30	-1	-1	-1	-1	50	-1	-1	-1	-1	100	-1	-1	-1	-1	4	-1	-1	-1	-1	3	-1	-1	-1	-1	2	-1	-1	-1	-1	2	-1	-1	-1	-1	-1	-1	-1	-1	-1	-1	-1	-1	-1	-1	-1	-1	-1	-1	-1	-1	-1	-1	-1	-1	5	0
Bren	71	8	1	13	0	7	2	100	5	0	28	4	23	4	5	3	452	1	0	0	0	0	0	0	-1	-1	-1	-1	-1	0	0	0	0	0	3	-1	-1	-1	-1	0	-1	-1	-1	-1	431	0	0	0	0	100	-1	-1	-1	-1	200	-1	-1	-1	-1	550	-1	-1	-1	-1	800	-1	-1	-1	-1	9	-1	-1	-1	-1	8	-1	-1	-1	-1	7	-1	-1	-1	-1	5	-1	-1	-1	-1	-1	-1	-1	-1	-1	-1	-1	-1	-1	-1	-1	-1	-1	-1	-1	-1	-1	-1	-1	-1	38	0
SMLE No.4 Mk I	72	72	0	1	0	7	15	100	5	0	10	1	9	1	5	3	476	1	1	0	0	0	0	0	-1	-1	-1	-1	-1	0	0	0	0	0	2	-1	-1	-1	-1	0	-1	-1	-1	-1	431	0	0	0	0	100	-1	-1	-1	-1	200	-1	-1	-1	-1	300	-1	-1	-1	-1	500	-1	-1	-1	-1	12	-1	-1	-1	-1	11	-1	-1	-1	-1	10	-1	-1	-1	-1	8	-1	-1	-1	-1	-1	-1	-1	-1	-1	-1	-1	-1	-1	-1	-1	-1	-1	-1	-1	-1	-1	-1	-1	-1	4	0
AA Bren	73	136	1	13	0	7	2	100	5	0	100	4	23	4	5	3	452	1	0	0	0	0	0	0	-1	-1	-1	-1	-1	0	0	0	0	0	10	-1	-1	-1	-1	0	-1	-1	-1	-1	398	0	0	0	0	100	-1	-1	-1	-1	200	-1	-1	-1	-1	550	-1	-1	-1	-1	800	-1	-1	-1	-1	9	-1	-1	-1	-1	8	-1	-1	-1	-1	5	-1	-1	-1	-1	4	-1	-1	-1	-1	-1	-1	-1	-1	-1	-1	-1	-1	-1	-1	-1	-1	-1	-1	-1	-1	-1	-1	-1	-1	38	3
2 inch mortar	74	112	3	8	2	4	25	25	10	300	1	1	11	2	10	2	441	0	0	0	1	0	0	0	-1	1	-1	2	-1	0	12	0	4	0	-1	40	-1	40	-1	-1	1	-1	1	-1	0	431	0	350	0	-1	100	-1	100	-1	-1	200	-1	200	-1	-1	300	-1	300	-1	-1	460	-1	460	-1	-1	8	-1	3	-1	-1	8	-1	3	-1	-1	8	-1	3	-1	-1	8	-1	3	-1	-1	3	-1	1	-1	-1	2	-1	0	-1	-1	2	-1	0	-1	-1	1	-1	0	-1	13	0
Ack Pack	75	75	-1	5	0	7	20	20	15	0	2	2	24	0	10	1	452	0	0	0	0	0	0	0	-1	-1	-1	-1	3	0	0	0	0	8	-1	-1	-1	-1	6	-1	-1	-1	-1	0	0	0	0	0	372	-1	-1	-1	-1	10	-1	-1	-1	-1	15	-1	-1	-1	-1	20	-1	-1	-1	-1	35	-1	-1	-1	-1	125	-1	-1	-1	-1	100	-1	-1	-1	-1	80	-1	-1	-1	-1	60	-1	-1	-1	-1	125	-1	-1	-1	-1	100	-1	-1	-1	-1	70	-1	-1	-1	-1	42	31	0
290mm spigot mrtr	76	76	1	9	2	6	400	400	50	0	1	1	0	0	5	3	441	0	0	0	0	0	0	0	-1	4	-1	-1	-1	0	50	0	0	0	-1	30	-1	-1	-1	-1	0	-1	-1	-1	0	372	0	0	0	-1	40	-1	-1	-1	-1	50	-1	-1	-1	-1	70	-1	-1	-1	-1	120	-1	-1	-1	-1	65	-1	-1	-1	-1	65	-1	-1	-1	-1	65	-1	-1	-1	-1	65	-1	-1	-1	-1	18	-1	-1	-1	-1	16	-1	-1	-1	-1	12	-1	-1	-1	-1	8	-1	-1	-1	114	0
MP 722(f)	77	79	1	3	0	1	2	100	4	0	32	4	6	4	5	3	441	1	0	0	0	0	0	0	-1	-1	-1	-1	-1	0	0	0	0	0	1	-1	-1	-1	-1	0	-1	-1	-1	-1	372	0	0	0	0	15	-1	-1	-1	-1	30	-1	-1	-1	-1	40	-1	-1	-1	-1	80	-1	-1	-1	-1	4	-1	-1	-1	-1	3	-1	-1	-1	-1	2	-1	-1	-1	-1	2	-1	-1	-1	-1	-1	-1	-1	-1	-1	-1	-1	-1	-1	-1	-1	-1	-1	-1	-1	-1	-1	-1	-1	-1	99	0
OPEN	78	78	1	7	0	3	5	400	4	0	800	12	0	0	6	5	452	1	0	0	0	0	0	0	-1	-1	-1	-1	-1	0	0	0	0	0	15	-1	-1	-1	-1	0	-1	-1	-1	-1	298	0	0	0	0	20	-1	-1	-1	-1	800	-1	-1	-1	-1	3000	-1	-1	-1	-1	7200	-1	-1	-1	-1	16	-1	-1	-1	-1	12	-1	-1	-1	-1	7	-1	-1	-1	-1	4	-1	-1	-1	-1	-1	-1	-1	-1	-1	-1	-1	-1	-1	-1	-1	-1	-1	-1	-1	-1	-1	-1	-1	-1	26	3
Faustpatrone	79	81	2	4	1	2	20	50	5	5	1	1	7	5	10	15	452	1	0	1	0	0	0	0	-1	-1	1	-1	-1	0	0	6	0	0	-1	-1	8	-1	-1	-1	-1	0	-1	-1	0	0	372	0	0	-1	-1	12	-1	-1	-1	-1	15	-1	-1	-1	-1	20	-1	-1	-1	-1	30	-1	-1	-1	-1	140	-1	-1	-1	-1	140	-1	-1	-1	-1	140	-1	-1	-1	-1	140	-1	-1	-1	-1	2	-1	-1	-1	-1	1	-1	-1	-1	-1	1	-1	-1	-1	-1	1	-1	-1	22	0
Granatbchse39(G)	80	80	0	4	0	3	80	80	5	0	1	1	25	2	5	3	482	0	0	0	0	1	0	0	0	1	0	-1	-1	0	5	1	0	0	5	8	8	-1	-1	0	0	0	-1	-1	398	350	350	0	0	25	40	20	-1	-1	100	80	40	-1	-1	300	100	60	-1	-1	500	140	80	-1	-1	35	8	40	-1	-1	35	8	40	-1	-1	25	8	40	-1	-1	9	8	40	-1	-1	-1	6	2	-1	-1	-1	3	1	-1	-1	-1	2	1	-1	-1	-1	1	1	-1	-1	32	0
Panzerfaust 30	81	82	2	4	1	2	20	50	5	10	1	1	4	5	10	15	452	0	0	1	0	0	0	0	-1	-1	1	-1	-1	0	0	4	0	0	-1	-1	10	-1	-1	-1	-1	0	-1	-1	0	0	398	0	0	-1	-1	12	-1	-1	-1	-1	15	-1	-1	-1	-1	20	-1	-1	-1	-1	30	-1	-1	-1	-1	190	-1	-1	-1	-1	190	-1	-1	-1	-1	190	-1	-1	-1	-1	190	-1	-1	-1	-1	2	-1	-1	-1	-1	1	-1	-1	-1	-1	1	-1	-1	-1	-1	1	-1	-1	125	0
OQF 17pdr AT	82	109	1	9	1	7	60	60	1	300	1	1	0	5	5	5	423	0	0	0	0	0	0	0	0	2	-1	-1	-1	4	12	0	0	0	20	20	-1	-1	-1	0	0	-1	-1	-1	476	431	0	0	0	500	350	-1	-1	-1	900	650	-1	-1	-1	1300	1000	-1	-1	-1	2300	1600	-1	-1	-1	185	30	-1	-1	-1	166	28	-1	-1	-1	156	28	-1	-1	-1	126	28	-1	-1	-1	2	7	-1	-1	-1	0	5	-1	-1	-1	0	3	-1	-1	-1	0	1	-1	-1	-1	110	0
OPEN	83	83	1	7	0	3	4	100	4	60	250	7	27	15	8	3	431	0	0	0	0	0	0	0	-1	-1	-1	-1	-1	0	0	0	0	0	4	-1	-1	-1	-1	0	-1	-1	-1	-1	398	0	0	0	0	25	-1	-1	-1	-1	60	-1	-1	-1	-1	120	-1	-1	-1	-1	600	-1	-1	-1	-1	7	-1	-1	-1	-1	6	-1	-1	-1	-1	4	-1	-1	-1	-1	3	-1	-1	-1	-1	-1	-1	-1	-1	-1	-1	-1	-1	-1	-1	-1	-1	-1	-1	-1	-1	-1	-1	-1	-1	20	0
Schweres MG34	84	84	1	7	0	7	4	100	5	300	250	4	52	15	8	3	431	0	0	0	0	0	0	0	-1	-1	-1	-1	-1	0	0	0	0	0	6	-1	-1	-1	-1	0	-1	-1	-1	-1	398	0	0	0	0	50	-1	-1	-1	-1	100	-1	-1	-1	-1	600	-1	-1	-1	-1	1200	-1	-1	-1	-1	7	-1	-1	-1	-1	6	-1	-1	-1	-1	4	-1	-1	-1	-1	3	-1	-1	-1	-1	-1	-1	-1	-1	-1	-1	-1	-1	-1	-1	-1	-1	-1	-1	-1	-1	-1	-1	-1	-1	20	0
Leichtes MG34	85	85	1	13	0	7	2	50	4	60	75	6	26	6	8	3	452	1	0	0	0	0	0	0	-1	-1	-1	-1	-1	0	0	0	0	0	3	-1	-1	-1	-1	0	-1	-1	-1	-1	398	0	0	0	0	50	-1	-1	-1	-1	100	-1	-1	-1	-1	600	-1	-1	-1	-1	1000	-1	-1	-1	-1	7	-1	-1	-1	-1	6	-1	-1	-1	-1	4	-1	-1	-1	-1	3	-1	-1	-1	-1	-1	-1	-1	-1	-1	-1	-1	-1	-1	-1	-1	-1	-1	-1	-1	-1	-1	-1	-1	-1	33	0
47mm SA 35 L/32	86	124	1	4	1	7	80	80	10	0	1	1	0	5	5	5	431	0	0	0	0	0	0	0	0	1	-1	-1	-1	4	6	0	0	0	20	20	-1	-1	-1	0	-1	-1	-1	-1	431	431	0	0	0	200	200	-1	-1	-1	400	400	-1	-1	-1	600	600	-1	-1	-1	1000	1000	-1	-1	-1	53	25	-1	-1	-1	46	20	-1	-1	-1	43	20	-1	-1	-1	36	15	-1	-1	-1	1	2	-1	-1	-1	1	2	-1	-1	-1	1	1	-1	-1	-1	1	1	-1	-1	-1	19	0
mle 31coax	87	123	1	7	0	3	5	60	5	0	150	4	45	15	7	3	464	1	0	0	0	0	0	0	-1	-1	-1	-1	-1	0	0	0	0	0	20	-1	-1	-1	-1	0	-1	-1	-1	-1	243	0	0	0	0	25	-1	-1	-1	-1	70	-1	-1	-1	-1	150	-1	-1	-1	-1	600	-1	-1	-1	-1	6	-1	-1	-1	-1	4	-1	-1	-1	-1	3	-1	-1	-1	-1	1	-1	-1	-1	-1	-1	-1	-1	-1	-1	-1	-1	-1	-1	-1	-1	-1	-1	-1	-1	-1	-1	-1	-1	-1	26	2
OPEN	88	88	3	8	0	7	100	35	50	1800	1	1	120	15	10	2	398	0	0	0	1	0	0	0	-1	4	-1	3	-1	0	20	0	5	0	-1	300	-1	300	-1	-1	1	-1	1	-1	0	256	0	298	0	-1	350	-1	350	-1	-1	500	-1	500	-1	-1	1000	-1	1000	-1	-1	3000	-1	3000	-1	-1	20	-1	5	-1	-1	20	-1	5	-1	-1	20	-1	5	-1	-1	20	-1	5	-1	-1	23	-1	10	-1	-1	18	-1	5	-1	-1	10	-1	2	-1	-1	8	-1	1	-1	34	0
leMG 120(r)	89	4	1	13	0	7	3	100	5	0	30	5	20	6	7	5	441	1	0	0	0	0	0	0	-1	-1	-1	-1	-1	0	0	0	0	0	3	-1	-1	-1	-1	0	-1	-1	-1	-1	398	0	0	0	0	50	-1	-1	-1	-1	100	-1	-1	-1	-1	600	-1	-1	-1	-1	800	-1	-1	-1	-1	9	-1	-1	-1	-1	8	-1	-1	-1	-1	5	-1	-1	-1	-1	4	-1	-1	-1	-1	-1	-1	-1	-1	-1	-1	-1	-1	-1	-1	-1	-1	-1	-1	-1	-1	-1	-1	-1	-1	30	0
10.5cm leFH18 L/28	90	40	1	9	0	7	120	120	10	200	1	1	0	5	5	5	452	0	0	0	0	0	0	0	-1	3	2	3	-1	0	25	8	0	0	-1	30	20	30	-1	-1	0	0	0	-1	0	431	431	398	0	-1	300	200	300	-1	-1	550	500	550	-1	-1	850	850	850	-1	-1	2000	1400	2000	-1	-1	45	115	4	-1	-1	45	115	4	-1	-1	40	115	4	-1	-1	40	115	4	-1	-1	11	2	1	-1	-1	9	1	1	-1	-1	6	1	0	-1	-1	4	1	0	-1	112	0
3.7cm Flak	91	91	1	9	0	7	45	45	5	200	9	3	0	5	5	3	452	0	0	0	0	0	0	0	0	1	-1	-1	-1	4	8	0	0	0	20	20	-1	-1	-1	0	0	-1	-1	0	431	431	0	0	0	200	200	-1	-1	-1	500	500	-1	-1	-1	750	600	-1	-1	-1	1000	1000	-1	-1	-1	61	30	-1	-1	-1	52	30	-1	-1	-1	45	25	-1	-1	-1	40	10	-1	-1	-1	1	5	-1	-1	-1	0	3	-1	-1	-1	-1	2	-1	-1	-1	-1	1	-1	-1	-1	118	0
2cm Flak	92	92	1	9	0	7	10	80	5	200	20	4	0	5	5	5	452	0	0	0	0	0	0	0	0	0	-1	-1	-1	4	4	0	0	0	20	20	-1	-1	-1	0	0	-1	-1	-1	431	431	0	0	0	200	200	-1	-1	-1	500	500	-1	-1	-1	750	600	-1	-1	-1	900	900	-1	-1	-1	43	20	-1	-1	-1	33	15	-1	-1	-1	28	10	-1	-1	-1	23	2	-1	-1	-1	-1	2	-1	-1	-1	-1	1	-1	-1	-1	-1	1	-1	-1	-1	-1	1	-1	-1	-1	118	0
7.5cm PaK40 L46	93	15	1	9	1	7	50	50	5	300	1	1	0	5	5	10	452	0	0	0	0	0	0	0	0	2	-1	2	-1	4	15	0	0	0	20	20	-1	20	-1	0	0	-1	0	-1	476	431	0	398	0	400	350	-1	350	-1	800	750	-1	750	-1	1300	1200	-1	1200	-1	1800	1500	-1	1500	-1	140	35	-1	4	-1	125	30	-1	4	-1	111	30	-1	4	-1	99	25	-1	4	-1	2	7	-1	1	-1	0	5	-1	0	-1	0	3	-1	0	-1	0	2	-1	0	-1	27	0
HHL	94	94	-1	10	1	7	100	100	50	0	1	1	7	1	0	0	452	1	0	0	0	0	0	0	-1	-1	1	-1	-1	0	0	8	0	0	-1	-1	2	-1	-1	-1	-1	0	-1	-1	0	0	350	0	0	-1	-1	5	-1	-1	-1	-1	10	-1	-1	-1	-1	15	-1	-1	-1	-1	20	-1	-1	-1	-1	130	-1	-1	-1	-1	130	-1	-1	-1	-1	130	-1	-1	-1	-1	130	-1	-1	-1	-1	6	-1	-1	-1	-1	4	-1	-1	-1	-1	3	-1	-1	-1	-1	2	-1	-1	41	0
7.5cm KwK37 L/24	95	34	1	9	1	7	60	60	5	0	1	1	0	5	5	5	452	0	0	0	0	0	0	0	-1	2	1	2	-1	0	15	4	0	0	-1	20	20	20	-1	-1	0	0	0	-1	0	431	372	398	0	-1	100	100	100	-1	-1	250	350	250	-1	-1	500	750	500	-1	-1	1100	1250	1100	-1	-1	30	115	3	-1	-1	30	115	3	-1	-1	30	115	3	-1	-1	25	115	3	-1	-1	7	2	1	-1	-1	5	1	0	-1	-1	3	1	0	-1	-1	2	-1	0	-1	19	0
Coax MG34 exp	96	45	1	7	0	7	4	100	5	0	250	6	23	15	8	3	431	1	0	0	0	0	0	0	-1	-1	-1	-1	-1	0	0	0	0	0	20	-1	-1	-1	-1	0	-1	-1	-1	-1	283	0	0	0	0	50	-1	-1	-1	-1	100	-1	-1	-1	-1	600	-1	-1	-1	-1	1200	-1	-1	-1	-1	8	-1	-1	-1	-1	7	-1	-1	-1	-1	4	-1	-1	-1	-1	2	-1	-1	-1	-1	-1	-1	-1	-1	-1	-1	-1	-1	-1	-1	-1	-1	-1	-1	-1	-1	-1	-1	-1	-1	105	2
3.7cm Pak36	97	97	1	9	1	7	45	20	3	200	1	1	0	0	5	3	452	0	0	0	0	0	0	0	0	1	1	-1	-1	4	6	4	0	0	20	20	20	-1	-1	0	0	0	-1	-1	476	431	398	0	-1	200	200	50	-1	-1	500	500	70	-1	-1	750	600	100	-1	-1	1000	1000	300	-1	-1	61	25	180	-1	-1	52	20	180	-1	-1	45	20	180	-1	-1	40	15	180	-1	-1	1	2	2	-1	-1	0	1	2	-1	-1	-1	1	1	-1	-1	-1	1	1	-1	-1	108	0
Gewehr 43	98	98	0	2	0	7	4	80	4	0	10	1	10	1	5	3	431	1	1	0	0	0	0	0	-1	-1	-1	-1	-1	0	0	0	0	0	2	-1	-1	-1	-1	0	-1	-1	-1	-1	431	0	0	0	0	100	-1	-1	-1	-1	200	-1	-1	-1	-1	300	-1	-1	-1	-1	500	-1	-1	-1	-1	11	-1	-1	-1	-1	9	-1	-1	-1	-1	8	-1	-1	-1	-1	6	-1	-1	-1	-1	-1	-1	-1	-1	-1	-1	-1	-1	-1	-1	-1	-1	-1	-1	-1	-1	-1	-1	-1	-1	24	0
Enf No2 MkII	99	99	1	11	0	7	2	300	5	0	6	1	2	0	5	3	452	1	0	0	0	0	0	0	-1	-1	-1	-1	-1	0	0	0	0	0	1	-1	-1	-1	-1	0	-1	-1	-1	-1	350	0	0	0	0	5	-1	-1	-1	-1	10	-1	-1	-1	-1	25	-1	-1	-1	-1	50	-1	-1	-1	-1	3	-1	-1	-1	-1	3	-1	-1	-1	-1	3	-1	-1	-1	-1	3	-1	-1	-1	-1	-1	-1	-1	-1	-1	-1	-1	-1	-1	-1	-1	-1	-1	-1	-1	-1	-1	-1	-1	-1	28	0
SlGew259 (r)	100	100	0	2	0	1	4	80	4	0	10	1	10	1	5	3	398	1	1	0	0	0	0	0	-1	-1	-1	-1	-1	0	0	0	0	0	4	-1	-1	-1	-1	0	-1	-1	-1	-1	431	0	0	0	0	20	-1	-1	-1	-1	40	-1	-1	-1	-1	120	-1	-1	-1	-1	400	-1	-1	-1	-1	10	-1	-1	-1	-1	9	-1	-1	-1	-1	7	-1	-1	-1	-1	4	-1	-1	-1	-1	-1	-1	-1	-1	-1	-1	-1	-1	-1	-1	-1	-1	-1	-1	-1	-1	-1	-1	-1	-1	3	0
MP 717(r)	101	101	1	3	0	7	2	100	4	0	71	6	8	6	5	3	452	1	0	0	0	0	0	0	-1	-1	-1	-1	-1	0	0	0	0	0	1	-1	-1	-1	-1	0	-1	-1	-1	-1	372	0	0	0	0	10	-1	-1	-1	-1	25	-1	-1	-1	-1	40	-1	-1	-1	-1	100	-1	-1	-1	-1	4	-1	-1	-1	-1	3	-1	-1	-1	-1	3	-1	-1	-1	-1	2	-1	-1	-1	-1	-1	-1	-1	-1	-1	-1	-1	-1	-1	-1	-1	-1	-1	-1	-1	-1	-1	-1	-1	-1	121	0
5cm Granatwerfer	102	102	3	8	2	4	30	30	10	300	1	1	31	12	10	2	398	0	0	0	0	0	0	0	-1	1	-1	-1	-1	0	10	0	0	0	-1	40	-1	-1	-1	-1	1	-1	-1	-1	0	431	0	0	0	-1	100	-1	-1	-1	-1	200	-1	-1	-1	-1	400	-1	-1	-1	-1	600	-1	-1	-1	-1	8	-1	-1	-1	-1	8	-1	-1	-1	-1	8	-1	-1	-1	-1	8	-1	-1	-1	-1	2	-1	-1	-1	-1	2	-1	-1	-1	-1	2	-1	-1	-1	-1	1	-1	-1	-1	17	0
Geballte Ladung	103	103	-1	10	1	7	50	100	50	0	1	1	0	3	0	0	511	1	0	0	0	0	0	0	-1	2	-1	-1	-1	0	12	0	0	0	-1	8	-1	-1	-1	-1	1	-1	-1	-1	0	350	0	0	0	-1	12	-1	-1	-1	-1	16	-1	-1	-1	-1	18	-1	-1	-1	-1	20	-1	-1	-1	-1	36	-1	-1	-1	-1	36	-1	-1	-1	-1	36	-1	-1	-1	-1	36	-1	-1	-1	-1	8	-1	-1	-1	-1	8	-1	-1	-1	-1	6	-1	-1	-1	-1	4	-1	-1	-1	123	0
Molotov	104	104	-1	14	1	7	50	50	30	0	1	1	0	3	0	0	511	1	0	0	0	0	0	0	-1	-1	-1	-1	2	0	0	0	0	4	-1	-1	-1	-1	5	-1	-1	-1	-1	1	0	0	0	0	350	-1	-1	-1	-1	10	-1	-1	-1	-1	15	-1	-1	-1	-1	20	-1	-1	-1	-1	25	-1	-1	-1	-1	36	-1	-1	-1	-1	36	-1	-1	-1	-1	36	-1	-1	-1	-1	36	-1	-1	-1	-1	20	-1	-1	-1	-1	16	-1	-1	-1	-1	12	-1	-1	-1	-1	10	124	0
Coax MG42 exp	105	45	1	7	0	7	2	100	5	0	250	8	23	15	8	3	431	1	0	0	0	0	0	0	-1	-1	-1	-1	-1	0	0	0	0	0	15	-1	-1	-1	-1	0	-1	-1	-1	-1	298	0	0	0	0	50	-1	-1	-1	-1	100	-1	-1	-1	-1	600	-1	-1	-1	-1	1200	-1	-1	-1	-1	8	-1	-1	-1	-1	6	-1	-1	-1	-1	4	-1	-1	-1	-1	2	-1	-1	-1	-1	-1	-1	-1	-1	-1	-1	-1	-1	-1	-1	-1	-1	-1	-1	-1	-1	-1	-1	-1	-1	9	2
OQF 6 pdr 7cwt AT	106	106	1	9	1	7	50	50	5	200	1	1	0	5	5	5	464	0	0	0	0	0	0	0	0	2	-1	-1	0	2	5	0	0	2	20	20	-1	-1	20	0	0	-1	-1	0	476	431	0	0	398	350	300	-1	-1	500	600	450	-1	-1	600	900	700	-1	-1	800	1500	1150	-1	-1	1500	113	30	-1	-1	170	104	30	-1	-1	156	92	30	-1	-1	147	82	25	-1	-1	123	1	5	-1	-1	-1	0	3	-1	-1	-1	0	2	-1	-1	-1	-1	1	-1	-1	-1	113	0
7.5cm PAK40 L46	107	15	1	9	1	7	50	50	5	300	1	1	0	5	5	10	452	0	0	0	0	0	0	0	0	2	-1	2	-1	4	15	0	0	0	20	20	-1	20	-1	0	0	-1	0	-1	431	431	0	398	0	400	350	-1	350	-1	800	750	-1	750	-1	1300	1200	-1	1200	-1	1800	1500	-1	1500	-1	140	35	-1	4	-1	125	30	-1	4	-1	111	30	-1	4	-1	99	25	-1	4	-1	2	7	-1	1	-1	0	5	-1	0	-1	0	3	-1	0	-1	0	2	-1	0	-1	27	0
OQF 2 pdr Littlejohn	108	139	1	9	1	7	80	80	5	200	1	1	0	0	5	3	452	0	0	0	0	0	0	0	0	-1	-1	-1	-1	4	0	0	0	0	20	-1	-1	-1	-1	0	-1	-1	-1	-1	431	0	0	0	0	350	-1	-1	-1	-1	600	-1	-1	-1	-1	900	-1	-1	-1	-1	1250	-1	-1	-1	-1	90	-1	-1	-1	-1	86	-1	-1	-1	-1	74	-1	-1	-1	-1	66	-1	-1	-1	-1	1	-1	-1	-1	-1	0	-1	-1	-1	-1	-1	-1	-1	-1	-1	-1	-1	-1	-1	-1	119	0
7.62cm Pak36(r) L52	109	61	1	9	1	7	60	60	5	200	1	1	0	5	5	5	398	0	0	0	0	0	0	0	0	2	-1	2	1	4	15	0	0	0	20	20	-1	-1	-1	0	0	-1	-1	-1	476	431	0	0	0	300	250	-1	-1	-1	600	500	-1	-1	-1	1000	750	-1	-1	-1	1500	1250	-1	-1	-1	128	32	-1	-1	-1	118	28	-1	-1	-1	108	28	-1	-1	-1	97	24	-1	-1	-1	2	7	-1	-1	-1	0	5	-1	-1	-1	0	3	-1	-1	-1	0	2	-1	-1	-1	19	0
2cm Polsten	110	110	1	9	1	7	10	80	5	200	20	5	0	5	5	5	452	0	0	0	0	0	0	0	0	0	-1	-1	-1	1	2	0	0	0	20	20	-1	-1	-1	0	0	-1	-1	-1	431	431	0	0	0	40	40	-1	-1	-1	100	100	-1	-1	-1	150	150	-1	-1	-1	1000	1000	-1	-1	-1	35	18	-1	-1	-1	30	16	-1	-1	-1	25	15	-1	-1	-1	17	15	-1	-1	-1	1	4	-1	-1	-1	1	2	-1	-1	-1	1	1	-1	-1	-1	1	1	-1	-1	-1	11	0
2 in M8 Mortar	111	111	3	8	0	4	50	50	10	600	1	1	42	3	10	2	441	0	0	0	1	0	0	0	-1	1	-1	2	-1	0	8	0	4	0	-1	40	-1	40	-1	-1	1	-1	1	-1	0	256	0	256	0	-1	150	-1	150	-1	-1	300	-1	300	-1	-1	600	-1	600	-1	-1	800	-1	800	-1	-1	5	-1	2	-1	-1	5	-1	2	-1	-1	5	-1	2	-1	-1	5	-1	2	-1	-1	5	-1	2	-1	-1	3	-1	1	-1	-1	2	-1	1	-1	-1	1	-1	1	-1	17	0
OQF 6 pdr 7cwt	112	106	1	9	1	7	80	80	5	0	1	1	0	5	5	5	464	0	0	0	0	0	0	0	0	2	-1	2	0	2	5	0	0	2	20	20	-1	20	20	0	0	-1	0	0	431	431	0	398	398	350	300	-1	300	500	600	450	-1	450	600	900	700	-1	700	800	1500	1150	-1	1150	1500	113	30	-1	4	170	104	30	-1	4	150	92	30	-1	4	147	82	25	-1	4	123	1	5	-1	0	-1	0	3	-1	0	-1	0	2	-1	0	-1	-1	1	-1	0	-1	113	0
MG15	113	113	1	7	0	3	4	100	3	0	250	6	28	15	8	3	431	1	0	0	0	0	0	0	-1	-1	-1	-1	-1	0	0	0	0	0	4	-1	-1	-1	-1	0	-1	-1	-1	-1	372	0	0	0	0	20	-1	-1	-1	-1	80	-1	-1	-1	-1	160	-1	-1	-1	-1	800	-1	-1	-1	-1	7	-1	-1	-1	-1	5	-1	-1	-1	-1	4	-1	-1	-1	-1	2	-1	-1	-1	-1	-1	-1	-1	-1	-1	-1	-1	-1	-1	-1	-1	-1	-1	-1	-1	-1	-1	-1	-1	-1	20	2
3.7cm ACC	114	114	1	9	0	7	5	45	3	0	600	4	0	0	6	5	452	1	0	0	0	0	0	0	1	-1	-1	-1	-1	2	0	0	0	0	10	-1	-1	-1	-1	0	-1	-1	-1	-1	431	0	0	0	0	50	-1	-1	-1	-1	100	-1	-1	-1	-1	500	-1	-1	-1	-1	1000	-1	-1	-1	-1	62	-1	-1	-1	-1	54	-1	-1	-1	-1	45	-1	-1	-1	-1	36	-1	-1	-1	-1	1	-1	-1	-1	-1	0	-1	-1	-1	-1	0	-1	-1	-1	-1	-1	-1	-1	-1	-1	11	0
MG.121	115	115	1	9	1	6	10	80	1	200	20	3	0	5	5	5	452	0	0	0	0	0	0	0	0	0	-1	-1	-1	1	2	0	0	0	5	8	-1	-1	-1	0	0	-1	-1	-1	431	431	0	0	0	40	40	-1	-1	-1	100	100	-1	-1	-1	150	150	-1	-1	-1	1000	1000	-1	-1	-1	18	16	-1	-1	-1	16	16	-1	-1	-1	12	15	-1	-1	-1	10	15	-1	-1	-1	1	4	-1	-1	-1	1	2	-1	-1	-1	1	1	-1	-1	-1	1	1	-1	-1	-1	36	0
MG.131	116	116	1	7	0	7	5	400	4	0	600	6	0	0	6	5	452	1	0	0	0	0	0	0	-1	-1	-1	-1	-1	0	0	0	0	0	10	-1	-1	-1	-1	0	-1	-1	-1	-1	431	0	0	0	0	50	-1	-1	-1	-1	100	-1	-1	-1	-1	500	-1	-1	-1	-1	1000	-1	-1	-1	-1	17	-1	-1	-1	-1	15	-1	-1	-1	-1	10	-1	-1	-1	-1	6	-1	-1	-1	-1	-1	-1	-1	-1	-1	-1	-1	-1	-1	-1	-1	-1	-1	-1	-1	-1	-1	-1	-1	-1	36	3
20mm Hisp. cannons	117	117	1	9	0	7	5	400	3	0	600	8	0	0	6	5	452	1	0	0	0	0	0	0	1	-1	-1	-1	-1	0	0	0	0	0	10	-1	-1	-1	-1	0	-1	-1	-1	-1	431	0	0	0	0	50	-1	-1	-1	-1	100	-1	-1	-1	-1	500	-1	-1	-1	-1	1000	-1	-1	-1	-1	19	-1	-1	-1	-1	17	-1	-1	-1	-1	14	-1	-1	-1	-1	10	-1	-1	-1	-1	-1	-1	-1	-1	-1	-1	-1	-1	-1	-1	-1	-1	-1	-1	-1	-1	-1	-1	-1	-1	19	3
60 pd rocket	118	118	2	4	1	6	200	100	10	0	1	1	9	2	10	15	476	0	0	1	1	0	0	0	-1	-1	2	-1	-1	0	0	10	0	0	-1	-1	0	-1	-1	-1	-1	0	-1	-1	0	0	476	0	0	-1	-1	10	-1	-1	-1	-1	100	-1	-1	-1	-1	500	-1	-1	-1	-1	1000	-1	-1	-1	-1	300	-1	-1	-1	-1	300	-1	-1	-1	-1	300	-1	-1	-1	-1	300	-1	-1	-1	-1	2	-1	-1	-1	-1	1	-1	-1	-1	-1	1	-1	-1	-1	-1	1	-1	-1	12	0
Gewehr254 (r) (MN)	119	6	0	1	0	7	30	100	5	0	5	1	9	1	5	3	398	1	1	0	0	0	0	0	-1	-1	-1	-1	-1	0	0	0	0	0	2	-1	-1	-1	-1	0	-1	-1	-1	-1	431	0	0	0	0	100	-1	-1	-1	-1	200	-1	-1	-1	-1	250	-1	-1	-1	-1	600	-1	-1	-1	-1	10	-1	-1	-1	-1	11	-1	-1	-1	-1	9	-1	-1	-1	-1	7	-1	-1	-1	-1	-1	-1	-1	-1	-1	-1	-1	-1	-1	-1	-1	-1	-1	-1	-1	-1	-1	-1	-1	-1	3	0
OQF 75mm	120	16	1	9	1	7	80	80	5	0	1	1	0	5	5	10	431	0	0	0	1	0	0	0	1	2	-1	2	-1	4	15	0	0	0	20	20	-1	20	-1	0	0	-1	0	-1	431	431	0	398	0	250	250	-1	250	-1	500	500	-1	500	-1	1000	1000	-1	1000	-1	1500	1500	-1	1500	-1	94	36	-1	4	-1	90	32	-1	4	-1	78	32	-1	4	-1	70	30	-1	4	-1	2	7	-1	1	-1	0	5	-1	0	-1	0	3	-1	0	-1	0	2	-1	0	-1	111	0
100kg Aerial Bomb	121	132	-1	10	2	4	100	100	30	0	1	1	0	10	0	0	452	0	0	0	0	0	0	0	-1	4	-1	-1	-1	0	50	0	0	0	-1	0	-1	-1	-1	-1	0	-1	-1	-1	0	476	0	0	0	-1	10	-1	-1	-1	-1	300	-1	-1	-1	-1	500	-1	-1	-1	-1	5000	-1	-1	-1	-1	300	-1	-1	-1	-1	300	-1	-1	-1	-1	300	-1	-1	-1	-1	300	-1	-1	-1	-1	20	-1	-1	-1	-1	15	-1	-1	-1	-1	10	-1	-1	-1	-1	5	-1	-1	-1	2	0
7.5cm PaK39 L/48	122	15	1	9	1	7	80	80	5	0	1	1	0	5	5	10	452	0	0	0	0	0	0	0	0	2	-1	2	-1	4	14	0	0	0	20	20	-1	20	-1	0	0	-1	0	-1	431	431	0	398	0	350	350	-1	350	-1	750	750	-1	750	-1	1250	1250	-1	1250	-1	1750	1500	-1	1500	-1	130	35	-1	5	-1	116	30	-1	5	-1	105	30	-1	5	-1	103	30	-1	5	-1	2	7	-1	1	-1	0	5	-1	0	-1	0	3	-1	0	-1	0	2	-1	0	-1	27	0
mle 31 Bow	123	123	1	7	0	3	5	50	5	0	150	5	20	15	7	3	452	1	0	0	0	0	0	0	-1	-1	-1	-1	-1	0	0	0	0	0	5	-1	-1	-1	-1	0	-1	-1	-1	-1	198	0	0	0	0	20	-1	-1	-1	-1	60	-1	-1	-1	-1	120	-1	-1	-1	-1	500	-1	-1	-1	-1	7	-1	-1	-1	-1	6	-1	-1	-1	-1	4	-1	-1	-1	-1	2	-1	-1	-1	-1	-1	-1	-1	-1	-1	-1	-1	-1	-1	-1	-1	-1	-1	-1	-1	-1	-1	-1	-1	-1	36	2
Double 2cm Polsten	124	124	1	9	1	7	5	80	5	200	40	10	0	5	5	5	452	0	0	0	0	0	0	0	0	0	-1	-1	-1	1	2	0	0	0	20	20	-1	-1	-1	0	0	-1	-1	-1	398	398	0	0	0	40	40	-1	-1	-1	100	100	-1	-1	-1	500	500	-1	-1	-1	1000	1000	-1	-1	-1	35	18	-1	-1	-1	30	16	-1	-1	-1	25	15	-1	-1	-1	17	15	-1	-1	-1	1	4	-1	-1	-1	1	2	-1	-1	-1	1	1	-1	-1	-1	1	1	-1	-1	-1	11	0
Big FT (A)	125	57	-1	5	0	7	20	20	15	0	2	2	0	0	10	1	452	0	0	0	0	0	0	0	-1	-1	-1	-1	3	0	0	0	0	8	-1	-1	-1	-1	6	-1	-1	-1	-1	0	0	0	0	0	350	-1	-1	-1	-1	10	-1	-1	-1	-1	15	-1	-1	-1	-1	30	-1	-1	-1	-1	60	-1	-1	-1	-1	125	-1	-1	-1	-1	100	-1	-1	-1	-1	80	-1	-1	-1	-1	60	-1	-1	-1	-1	100	-1	-1	-1	-1	90	-1	-1	-1	-1	75	-1	-1	-1	-1	50	31	0
Wurfgerat 40	126	110	2	8	2	4	50	9000	20	800	6	1	800	750	10	2	398	0	0	1	0	0	0	0	-1	4	-1	-1	-1	0	20	0	0	0	-1	150	-1	-1	-1	-1	1	-1	-1	-1	0	36	0	0	0	-1	200	-1	-1	-1	-1	500	-1	-1	-1	-1	1000	-1	-1	-1	-1	1900	-1	-1	-1	-1	210	-1	-1	-1	-1	210	-1	-1	-1	-1	210	-1	-1	-1	-1	210	-1	-1	-1	-1	50	-1	-1	-1	-1	25	-1	-1	-1	-1	15	-1	-1	-1	-1	7	-1	-1	-1	12	0
Deg coax	127	127	1	7	0	3	3	150	5	0	250	4	45	15	7	3	464	1	0	0	0	0	0	0	-1	-1	-1	-1	-1	0	0	0	0	0	20	-1	-1	-1	-1	0	-1	-1	-1	-1	256	0	0	0	0	25	-1	-1	-1	-1	70	-1	-1	-1	-1	150	-1	-1	-1	-1	600	-1	-1	-1	-1	6	-1	-1	-1	-1	4	-1	-1	-1	-1	3	-1	-1	-1	-1	1	-1	-1	-1	-1	-1	-1	-1	-1	-1	-1	-1	-1	-1	-1	-1	-1	-1	-1	-1	-1	-1	-1	-1	-1	26	2
Scoped Enfield	128	126	-1	1	0	7	15	100	5	0	10	1	9	1	5	3	476	0	0	0	0	0	0	0	-1	-1	-1	-1	-1	0	0	0	0	0	2	-1	-1	-1	-1	0	-1	-1	-1	-1	431	0	0	0	0	100	-1	-1	-1	-1	200	-1	-1	-1	-1	300	-1	-1	-1	-1	800	-1	-1	-1	-1	12	-1	-1	-1	-1	12	-1	-1	-1	-1	11	-1	-1	-1	-1	10	-1	-1	-1	-1	-1	-1	-1	-1	-1	-1	-1	-1	-1	-1	-1	-1	-1	-1	-1	-1	-1	-1	-1	-1	4	0
OPEN	129	0	1	0	0	4	1	1	1	1	1	1	0	0	0	0	0	0	0	0	0	0	0	0	-1	-1	-1	-1	-1	0	0	0	0	0	-1	-1	-1	-1	-1	-1	-1	-1	-1	-1	0	0	0	0	0	-1	-1	-1	-1	-1	-1	-1	-1	-1	-1	-1	-1	-1	-1	-1	-1	-1	-1	-1	-1	-1	-1	-1	-1	-1	-1	-1	-1	-1	-1	-1	-1	-1	-1	-1	-1	-1	-1	-1	-1	-1	-1	-1	-1	-1	-1	-1	-1	-1	-1	-1	-1	-1	-1	-1	-1	-1	-1	-1	-1	0	0
OPEN	130	0	1	0	0	4	1	1	1	1	1	1	0	0	0	0	0	0	0	0	0	0	0	0	-1	-1	-1	-1	-1	0	0	0	0	0	-1	-1	-1	-1	-1	-1	-1	-1	-1	-1	0	0	0	0	0	-1	-1	-1	-1	-1	-1	-1	-1	-1	-1	-1	-1	-1	-1	-1	-1	-1	-1	-1	-1	-1	-1	-1	-1	-1	-1	-1	-1	-1	-1	-1	-1	-1	-1	-1	-1	-1	-1	-1	-1	-1	-1	-1	-1	-1	-1	-1	-1	-1	-1	-1	-1	-1	-1	-1	-1	-1	-1	-1	-1	0	0
3-inch Howitzer	131	95	1	0	0	7	80	80	5	300	1	1	0	5	5	5	423	0	0	0	0	0	0	0	-1	2	-1	2	-1	0	15	0	5	0	-1	20	-1	20	-1	-1	0	0	0	-1	0	431	0	398	0	-1	250	-1	250	-1	-1	500	-1	500	-1	-1	900	-1	900	-1	-1	1250	-1	1250	-1	-1	30	-1	4	-1	-1	30	-1	4	-1	-1	30	-1	4	-1	-1	25	-1	4	-1	-1	9	-1	3	-1	-1	6	-1	1	-1	-1	4	-1	0	-1	-1	3	-1	0	-1	120	0
15cm sFH13/1	132	40	1	9	0	7	150	150	5	300	1	1	0	5	5	5	441	0	0	0	0	0	0	0	-1	4	2	3	-1	0	35	10	5	0	-1	30	30	30	-1	-1	0	0	0	-1	0	398	398	398	0	-1	200	150	200	-1	-1	500	400	500	-1	-1	850	600	850	-1	-1	3000	1050	3000	-1	-1	48	185	4	-1	-1	45	185	4	-1	-1	40	185	4	-1	-1	40	185	4	-1	-1	16	3	1	-1	-1	12	1	1	-1	-1	8	1	0	-1	-1	6	1	0	-1	106	0
OQF 2 pdr	133	106	1	9	1	7	60	60	5	200	1	1	0	0	5	3	452	0	0	0	0	0	0	0	0	1	-1	-1	-1	4	6	0	0	0	20	20	-1	-1	-1	0	0	-1	-1	-1	431	431	0	0	0	250	200	-1	-1	-1	500	400	-1	-1	-1	750	600	-1	-1	-1	1100	900	-1	-1	-1	72	25	-1	-1	-1	65	25	-1	-1	-1	61	20	-1	-1	-1	56	20	-1	-1	-1	1	2	-1	-1	-1	0	1	-1	-1	-1	-1	1	-1	-1	-1	-1	1	-1	-1	-1	119	0
15cm sIG 33/1 L/12	134	40	1	9	0	7	150	150	5	300	1	1	0	5	5	5	441	0	0	0	0	0	0	0	-1	4	2	3	-1	0	35	10	5	0	-1	30	20	30	-1	-1	0	0	0	-1	0	398	398	398	0	-1	200	150	200	-1	-1	500	400	500	-1	-1	850	600	850	-1	-1	3000	1050	3000	-1	-1	48	185	4	-1	-1	45	185	4	-1	-1	40	185	4	-1	-1	40	185	4	-1	-1	16	3	1	-1	-1	12	2	1	-1	-1	8	1	1	-1	-1	6	1	0	-1	106	0
"4"" Smoke Discharger"	135	138	3	10	2	4	20	20	20	0	2	1	0	2	0	0	452	1	0	0	0	0	0	0	-1	-1	-1	2	-1	0	0	0	0	0	-1	-1	-1	40	-1	-1	-1	-1	1	-1	0	0	0	314	0	-1	-1	-1	50	-1	-1	-1	-1	60	-1	-1	-1	-1	80	-1	-1	-1	-1	100	-1	-1	-1	-1	0	-1	-1	-1	-1	0	-1	-1	-1	-1	0	-1	-1	-1	-1	0	-1	-1	-1	-1	0	-1	-1	-1	-1	0	-1	-1	-1	-1	0	-1	-1	-1	-1	0	-1	22	0
Mauser K98k	136	3	0	1	0	7	15	100	5	0	5	1	9	1	5	3	482	1	1	0	0	0	0	0	-1	-1	-1	-1	-1	0	0	0	0	0	2	-1	-1	-1	-1	0	-1	-1	-1	-1	431	0	0	0	0	100	-1	-1	-1	-1	200	-1	-1	-1	-1	300	-1	-1	-1	-1	500	-1	-1	-1	-1	12	-1	-1	-1	-1	11	-1	-1	-1	-1	10	-1	-1	-1	-1	8	-1	-1	-1	-1	-1	-1	-1	-1	-1	-1	-1	-1	-1	-1	-1	-1	-1	-1	-1	-1	-1	-1	-1	-1	3	0
OPEN	137	135	-1	10	1	7	100	100	50	0	1	1	0	2	0	0	511	1	0	0	0	0	0	0	-1	1	-1	-1	-1	0	8	0	0	8	-1	8	-1	-1	-1	-1	1	-1	-1	-1	0	398	0	0	0	-1	300	-1	-1	-1	-1	350	-1	-1	-1	-1	400	-1	-1	-1	-1	450	-1	-1	-1	-1	77	-1	-1	-1	-1	77	-1	-1	-1	-1	77	-1	-1	-1	-1	77	-1	-1	-1	-1	4	-1	-1	-1	-1	3	-1	-1	-1	-1	2	-1	-1	-1	-1	1	-1	-1	-1	107	0
